[app/ui]
version = 7.3.2
modtime = 1573256927.243011000

[app/launcher]
version = 7.3.2
modtime = 1573256927.244575000
